[data]
Lozinka = 149553788
Admin = 0
Drzava = 1
Pol = 1
Godina = 21
sPosX = 179.911026
sPosY = 1132.367309
sPosZ = 14.507846
sPosA = 10.976765
sHealth = 100.000000
sArmor = 0.000000
Novac = 2000
Banka = 20000
BankPin = 0
Mobilni = 0
KucaID = 0
AutoID = 0
Gun1 = 0
Gun2 = 0
Gun3 = 0
Gun4 = 0
Gun5 = 0
Gun6 = 0
Gun7 = 0
Gun8 = 0
Gun9 = 0
Gun10 = 0
Gun11 = 0
Gun12 = 0
Gun13 = 0
WTChannel = 0
Organizacija = 0
Lider = 0
Posao = 0
sInterior = 0
sVW = 0
Skin = 1
Muted = 0
nMute = 0
Helper = 0
Developer = 0
RentingID = 0
